Stream.of(
Block.box(2, 8.1, 1.6, 14, 15.100000000000001, 4.1),
Block.box(3, 15.1, 1.6, 13, 17.6, 4.1),
Block.box(4, 17.6, 1.6, 12, 20.1, 4.1),
Block.box(2, 6.6, 1.6, 14, 8.6, 12.6),
Block.box(14.5, 10.1, 4, 16.5, 12.1, 11.1),
Block.box(-0.5, 10.1, 4, 1.5, 12.1, 11.1),
Block.box(3, 6.6, 12.6, 13, 8.6, 13.6),
Block.box(5, 20.1, 1.6, 11, 22.6, 3.6),
Block.box(1.9, 6.8, 1.5, 14.1, 10, 4.9),
Block.box(1, 13.4, 0.5, 3, 13.9, 0.75),
Block.box(0.5, 12.1, 0.6000000000000001, 15.5, 14.1, 4),
Block.box(-0.5, 8.1, -0.3999999999999999, 16.5, 12.1, 4),
Block.box(-0.5, 7.1, 0.5999999999999996, 16.5, 8.1, 12.1),
Block.box(5, 4, 4, 11, 6.5, 10),
Block.box(5.25, 3, 4.25, 10.75, 4, 9.75),
Block.box(5, 1, 4, 11, 3, 10),
Block.box(4, 0, 3, 12, 1, 11)
).reduce((v1, v2) -> VoxelShapes.join(v1, v2, IBooleanFunction.OR)).get();