Stream.of(
Block.box(-8, 0, 13, 0, 16, 16),
Block.box(1, 5.5, 13, 1.25, 10.75, 16),
Block.box(0.75, 5.25, 13, 1, 11, 16),
Block.box(0.5, 4.75, 13, 0.75, 11.5, 16),
Block.box(0.25, 4.5, 13, 0.5, 11.75, 16),
Block.box(0, 4.25, 13, 0.25, 12, 16),
Block.box(1.25, 6, 13, 1.5, 10.25, 16),
Block.box(16, 0, 13, 16.25, 4.25, 16),
Block.box(16.25, 0, 13, 16.5, 4.5, 16),
Block.box(16.5, 0, 13, 16.75, 4.75, 16),
Block.box(16.75, 0, 13, 17, 5.25, 16),
Block.box(17, 0, 13, 17.25, 5.5, 16),
Block.box(17.25, 0, 13, 17.5, 6, 16),
Block.box(17.5, 0, 13, 24, 16, 16),
Block.box(17.25, 10.25, 13, 17.5, 16, 16),
Block.box(17, 10.75, 13, 17.25, 16, 16),
Block.box(16.75, 11, 13, 17, 16, 16),
Block.box(16.5, 11.5, 13, 16.75, 16, 16),
Block.box(16.25, 11.75, 13, 16.5, 16, 16),
Block.box(16, 12, 13, 16.25, 16, 16)
).reduce((v1, v2) -> VoxelShapes.join(v1, v2, IBooleanFunction.OR)).get();