Stream.of(
Block.box(-8, 13, -1, 0, 16, 15),
Block.box(1, 13, 4.5, 1.25, 16, 9.75),
Block.box(0.75, 13, 4.25, 1, 16, 10),
Block.box(0.5, 13, 3.75, 0.75, 16, 10.5),
Block.box(0.25, 13, 3.5, 0.5, 16, 10.75),
Block.box(0, 13, 3.25, 0.25, 16, 11),
Block.box(1.25, 13, 5, 1.5, 16, 9.25),
Block.box(16, 13, -1, 16.25, 16, 3.25),
Block.box(16.25, 13, -1, 16.5, 16, 3.5),
Block.box(16.5, 13, -1, 16.75, 16, 3.75),
Block.box(16.75, 13, -1, 17, 16, 4.25),
Block.box(17, 13, -1, 17.25, 16, 4.5),
Block.box(17.25, 13, -1, 17.5, 16, 5),
Block.box(17.5, 13, -1, 24, 16, 15),
Block.box(17.25, 13, 9.25, 17.5, 16, 15),
Block.box(17, 13, 9.75, 17.25, 16, 15),
Block.box(16.75, 13, 10, 17, 16, 15),
Block.box(16.5, 13, 10.5, 16.75, 16, 15),
Block.box(16.25, 13, 10.75, 16.5, 16, 15),
Block.box(16, 13, 11, 16.25, 16, 15)
).reduce((v1, v2) -> VoxelShapes.join(v1, v2, IBooleanFunction.OR)).get();