Stream.of(
Block.box(0, 15, 0, 16, 16, 16),
Block.box(7.5, 5, 7.5, 8.5, 15, 8.5),
Block.box(7.5, 0, -8.5, 8.5, 8, -7.5),
Block.box(7.5, 0, 23.5, 8.5, 8, 24.5),
Block.box(-8.5, 0, 7.5, -7.5, 8, 8.5),
Block.box(23.5, 0, 7.5, 24.5, 8, 8.5),
Block.box(20, 8, 4, 28, 9, 12),
Block.box(4, 8, 20, 12, 9, 28),
Block.box(4, 8, -12, 12, 9, -4),
Block.box(-12, 8, 4, -4, 9, 12),
Block.box(-3.75, 3, 7.5, 0, 4, 8.5),
Block.box(7.5, 3, 16, 8.5, 4, 19.75),
Block.box(16, 3, 7.5, 19.75, 4, 8.5),
Block.box(7.5, 3, -3.75, 8.5, 4, 0),
Block.box(0, 4, 7.5, 3.75, 5, 8.5),
Block.box(7.5, 4, 12.25, 8.5, 5, 16),
Block.box(12.25, 4, 7.5, 16, 5, 8.5),
Block.box(7.5, 4, 0, 8.5, 5, 3.75),
Block.box(3.75, 5, 7.5, 7.5, 6, 8.5),
Block.box(7.5, 5, 8.5, 8.5, 6, 12.25),
Block.box(8.5, 5, 7.5, 12.25, 6, 8.5),
Block.box(7.5, 5, 3.75, 8.5, 6, 7.5),
Block.box(-7.5, 2, 7.5, -3.75, 3, 8.5),
Block.box(7.5, 2, 19.75, 8.5, 3, 23.5),
Block.box(19.75, 2, 7.5, 23.5, 3, 8.5),
Block.box(7.5, 2, -7.5, 8.5, 3, -3.75)
).reduce((v1, v2) -> VoxelShapes.join(v1, v2, IBooleanFunction.OR)).get();